% 数学实验2  例2.2.1 录像机计数器的用途  p.24-26
% 数学模型3  例2.2   录像机计数器的用途  p.27-30

% 数学模型3  例2.2  数据
 t = [0  10  20   30   40   50   60   70   80   90   100  110  120  130  140  150  160  170  184]';
 n = [0 617 1141 1601 2019 2403 2760 3096 3413 3715 4004 4280 4545 4803 5051 5291 5525 5752 6061]';
数学实验2  例2.2.1 数据
 t = [0  20   40   60   80   100  120  140  160 183.5]';
 n = [0 1153 2045 2800 3466 4068 4621 5135 5619 6152]';

x=[n,n.*n];
b=(x'*x)\x'*t	%或 b = regress(t,x)

n1 = 4580;
t1 = b(1)*n1 + b(2)*n1*n1

