function y = ex061f3(x)	% 建立名为ex061f3的函数，p.126| (38)式
% 大学数学实验  p.114-115,125-127  例1  路灯照明
h1 = 5; h2 = 6;  P1 = 2; P2 = 3; s = 20;
y = 9*sqrt(3)*P1*h1*x./(h1^2 + x.^2).^(5/2) - 4*P2 ./ (s - x).^3 ;	


